1.5205631514641289e+00
8.5185596596070401e-01
1.0176698677324085e+00
1.1120824259063613e+00
1.2366543554871596e+00
9.6265431421932512e-01
8.2594202178008824e-01
8.8578536711204103e-01
7.6884522992287696e-01
7.5815169366921831e-01
7.2851891747987862e-01
7.4169340554703644e-01
6.9189802191845906e-01
6.8106264396620098e-01
7.5943774607006354e-01
8.2125946219137835e-01
8.2631097523186814e-01
8.4439874262443371e-01
7.6968342280564317e-01
7.7224458310391964e-01
6.9018063699768484e-01
6.4647516767457225e-01
5.9278906170428913e-01
6.2694494507831755e-01
5.8066863798567503e-01
5.6613650509155478e-01
5.2255261010091791e-01
4.7983381710007494e-01
5.3214208389009587e-01
5.0289637162484990e-01
5.0405446232124818e-01
5.3571953237614101e-01
5.4487710708556036e-01
5.2555998196810372e-01
5.3661989114355935e-01
5.3762660445069277e-01
5.3608937084316532e-01
5.7246399454862706e-01
5.5464569605351044e-01
5.7363138098671629e-01
5.7379244334411394e-01
5.9131504014129133e-01
5.8223064074894826e-01
6.0705695245955249e-01
5.9023222547190524e-01
5.7864837365283495e-01
5.9661699463951179e-01
6.2079329520733728e-01
5.9198661221730453e-01
6.1710650449483972e-01
6.1633943677271141e-01
5.9022074651878864e-01
5.7109661050868443e-01
5.7884816922193749e-01
5.9869998082966025e-01
5.8884245984601502e-01
5.6434546866215385e-01
5.3840967000580764e-01
5.3560789952813004e-01
5.1316922645232144e-01
5.0008185983059161e-01
5.2285315878551764e-01
5.4164317563740505e-01
5.5744186602297330e-01
5.4578887190151293e-01
5.4690238932977020e-01
5.4061460634152192e-01
5.5149889461738544e-01
5.5129754965800626e-01
5.5775288869655215e-01
5.5827495086254419e-01
5.3826892418473427e-01
5.3518185385048866e-01
5.5221324999781363e-01
5.6874946514551949e-01
5.7656666993567340e-01
5.6716814447092689e-01
5.7548141114060036e-01
5.7984160150205322e-01
5.7337040697381392e-01
5.7942242874943961e-01
5.6623340521547905e-01
5.6327051578892695e-01
5.7609141094361593e-01
5.8681507999120852e-01
5.7988713009667558e-01
5.6962296208557928e-01
5.8224221528633358e-01
5.7627410652643551e-01
5.8164894673118783e-01
5.9580010950042261e-01
5.9764924308823508e-01
6.0167357508291208e-01
6.1203905809042380e-01
6.0895106546311373e-01
6.2106521443455276e-01
6.1667598541930468e-01
6.2512113545594561e-01
6.2943966515660710e-01
6.4047442942879829e-01
6.3856351398860534e-01
6.2884695872309448e-01
6.4071016419603477e-01
6.5147626608983378e-01
6.3996677826290216e-01
6.4943111534072129e-01
6.5199009359876414e-01
6.4869259509145361e-01
6.5062008918988234e-01
6.4327970871769902e-01
6.4971868696395485e-01
6.4322453459126516e-01
6.4055087267108901e-01
6.3211024988859565e-01
6.2281015492094249e-01
6.1596441234579102e-01
6.1642053929946072e-01
6.1331107576081978e-01
6.0402964872550469e-01
6.1333283333263011e-01
6.0255746748109618e-01
5.9252196379100475e-01
5.9165863237614036e-01
5.9722126989961666e-01
6.0807753970105072e-01
6.1757701922450070e-01
6.2100818482597253e-01
6.1732503489481194e-01
6.2222416367290445e-01
6.1825313645261992e-01
6.1263655591491406e-01
6.0569828364162814e-01
6.0680931535817562e-01
6.0029012798275683e-01
5.9182256685396073e-01
5.9626832406533847e-01
5.8736435610987536e-01
5.9311107211303959e-01
5.8519160973103002e-01
5.8983462799998010e-01
5.8014494554463503e-01
5.8908978462576878e-01
5.7907928114733564e-01
5.7897935655192123e-01
5.7173558146629089e-01
5.6590305773854477e-01
5.7153224888053433e-01
5.7576489067904879e-01
5.7840868979499604e-01
5.8723406796680477e-01
5.8942705451431743e-01
5.9396506419283623e-01
5.8537994241026425e-01
5.7771323651803452e-01
5.7760302344075287e-01
5.6899464781062714e-01
5.6033684236766534e-01
5.5434714880048930e-01
5.5327742723681017e-01
5.5893839231992093e-01
5.5993850097126752e-01
5.6430148865779484e-01
5.5566047618980574e-01
5.4906145734555212e-01
5.5785490738128063e-01
5.5216292499929021e-01
5.5885576337254939e-01
5.5181736851561569e-01
5.6034742549430605e-01
5.5212286847934156e-01
5.5831875576771794e-01
5.5052031182903149e-01
5.4162993330180631e-01
5.4868497611042522e-01
5.5001635646248737e-01
5.4428397260276584e-01
5.3832414506161963e-01
5.3628339532495517e-01
5.4300292960924157e-01
5.4809227699014640e-01
5.4549113792448023e-01
5.4610632435048045e-01
5.4715650827438067e-01
5.4612700299878003e-01
5.4891638300343748e-01
5.4219597336668024e-01
5.4246457224761824e-01
5.4634444950760919e-01
5.4299281458598436e-01
5.5053856495278264e-01
5.5148293549051897e-01
5.5711501048539791e-01
5.6067103576303445e-01
5.6235175101186430e-01
5.5488462777713399e-01
5.5839750519109321e-01
5.6317576976376149e-01
5.6930179947997028e-01
5.7458075540379328e-01
5.7917341473939532e-01
5.8593525042686267e-01
5.8913078691839027e-01
5.9465279792291970e-01
6.0130051565143161e-01
6.0324851803223956e-01
6.0270738715422922e-01
5.9734118726601537e-01
6.0163298685385658e-01
6.0672970103395518e-01
6.0017853123144194e-01
6.0183228681002288e-01
5.9778653241564528e-01
5.9915109850741566e-01
5.9489063047391899e-01
5.9724862704921677e-01
5.9425488994447984e-01
5.9145339796273577e-01
5.8733794135220907e-01
5.8110572659513060e-01
5.8255168502253196e-01
5.7842687757785294e-01
5.8011592879242335e-01
5.7990042199843783e-01
5.8585799658245297e-01
5.8254363233031559e-01
5.8279043322254032e-01
5.8532354024946287e-01
5.7986090044337490e-01
5.7913858335648760e-01
5.8000154497952339e-01
5.8542558282975266e-01
5.8442268236095885e-01
5.8195328620049647e-01
5.8606055125016654e-01
5.8485833565851530e-01
5.7818391211459397e-01
5.7589127478493640e-01
5.7681376480223812e-01
5.8067533851531294e-01
5.7701283758017829e-01
5.7887763054212404e-01
5.7834032975121497e-01
5.7779492703324742e-01
5.7507800950431931e-01
5.7736855550584620e-01
5.7318277829667941e-01
5.7436612115295971e-01
5.6851219690793642e-01
5.6720070703649561e-01
5.6928370970174857e-01
5.7108660125278021e-01
5.7244308481394990e-01
5.7034389325012080e-01
5.6634201730324851e-01
5.6736545090632662e-01
5.6859243609425847e-01
5.7101887812003016e-01
5.6874796508244096e-01
5.7126753017277254e-01
5.6755741783698066e-01
5.7213667321337824e-01
5.7397687526395169e-01
5.7544232819806806e-01
5.7239821501039745e-01
5.7249227049446061e-01
5.6756910738789690e-01
5.6462499397948918e-01
5.6860830289476261e-01
5.7042899612954567e-01
5.6565415061859647e-01
5.6110866259402137e-01
5.5935753781633535e-01
5.5998286385845708e-01
5.6078451167373156e-01
5.6238045807869375e-01
5.5985854817912173e-01
5.6262910117736209e-01
5.6012014122866338e-01
5.5807285124426398e-01
5.5454135158344009e-01
5.5951839164466954e-01
5.5402625452250787e-01
5.5730592643683741e-01
5.5532399439500779e-01
5.5184778082148001e-01
5.5100037945835956e-01
5.5561679237165573e-01
5.5978753671777437e-01
5.6233018989657568e-01
5.6417465892814744e-01
5.6004838685459324e-01
5.6175149982793737e-01
5.6035130978797598e-01
5.6294474235283709e-01
5.6723697652493366e-01
5.7122880679480359e-01
5.7464470767430087e-01
5.7140980814877396e-01
5.7411736905223021e-01
5.7435073165425576e-01
5.7208333838377889e-01
5.7586715982701364e-01
5.7967264402799235e-01
5.8310114488499321e-01
5.8281042565417129e-01
5.8328685774146183e-01
5.7972002833628722e-01
5.7725903313642635e-01
5.8054860546026033e-01
5.8021521146178934e-01
5.7960675886220936e-01
5.8270682209852587e-01
5.8240402774399180e-01
5.8014528834949974e-01
5.7684725160918493e-01
5.7835259358657920e-01
5.8025889723532620e-01
5.7660139944316391e-01
5.7733094514748795e-01
5.7701823955088305e-01
5.7993843446935422e-01
5.8177948269971824e-01
5.7853751070778336e-01
5.7572071785528889e-01
5.7547412009913890e-01
5.7175725577683778e-01
5.6821890136011644e-01
5.6673447731241933e-01
5.6493413239686785e-01
5.6866368315078042e-01
5.7215851783423877e-01
5.7304444506165630e-01
5.7585957674024524e-01
5.7848988589581951e-01
5.7822043328268524e-01
5.7651416732684202e-01
5.7534641454268765e-01
5.7653324021223229e-01
5.7727104357118886e-01
5.7491647685148262e-01
5.7162842253633439e-01
5.6766937753444702e-01
5.6404219231151043e-01
5.6513980845569900e-01
5.6376489564789800e-01
5.6174479063509286e-01
5.6010909227874139e-01
5.5641178379117873e-01
5.5562545536181140e-01
5.5919076531821688e-01
5.5973640671114999e-01
5.5756779183107574e-01
5.5875383180705984e-01
5.6080631652947621e-01
5.6052877928692801e-01
5.5747059830707646e-01
5.6052841112574381e-01
5.6141239868776915e-01
5.6138936739386225e-01
5.5878420463240952e-01
5.5909971054235108e-01
5.5832484429099349e-01
5.6089093874365625e-01
5.5985323047995450e-01
5.5758782700153142e-01
5.5600436405810227e-01
5.5772664155187535e-01
5.5870010839527451e-01
5.6248285574908730e-01
5.6100243933293859e-01
5.6405278531531222e-01
5.6094571824710227e-01
5.6006480161283401e-01
5.5593688942900443e-01
5.5805398034213760e-01
5.6008883333278658e-01
5.5828762742494886e-01
5.5507523539852877e-01
5.5782333357276259e-01
5.5941594945288631e-01
5.5571010018961164e-01
5.5516456415841764e-01
5.5883097871242216e-01
5.6030206284310657e-01
5.5789257374070711e-01
5.5753969643145651e-01
5.6022187715218985e-01
5.5692686852961604e-01
5.5369229531823794e-01
5.5265382224853288e-01
5.5099815852120737e-01
5.5207050946228886e-01
5.5429752069949523e-01
5.5135541134257904e-01
5.4781913146115890e-01
5.4431521165075181e-01
5.4388405702487597e-01
5.4589089372193489e-01
5.4722006272629697e-01
5.4667121433381516e-01
5.4370528572657606e-01
5.4426549677018310e-01
5.4474102789897805e-01
5.4485230668609286e-01
5.4544559918839086e-01
5.4431334530745612e-01
5.4276185394631316e-01
5.4551530522633340e-01
5.4523227016457432e-01
5.4270599829431576e-01
5.4340303319923133e-01
5.4348516502765232e-01
5.4424373881942423e-01
5.4483394399415896e-01
5.4280053359900982e-01
5.4507607293999305e-01
5.4187510061191912e-01
5.3889576368214209e-01
5.4183678437129934e-01
5.3937752655811355e-01
5.3915382711759208e-01
5.3710955912893976e-01
5.3933934322144472e-01
5.3776657587371191e-01
5.3666966433372199e-01
5.3924751274711813e-01
5.3806134263371108e-01
5.4017971799334252e-01
5.4119896841642945e-01
5.3786823174427090e-01
5.3609221891166869e-01
5.3794101468670064e-01
5.3872612163810396e-01
5.4096018873701968e-01
5.3954296910825017e-01
5.3753261388865226e-01
5.3537364169371149e-01
5.3606303066597361e-01
5.3331390774773291e-01
5.3442868461890458e-01
5.3627076654698747e-01
5.3767826574885513e-01
5.3556399669789889e-01
5.3481624660293858e-01
5.3349525300053913e-01
5.3297626298525180e-01
5.3109709428502494e-01
5.3026260234614819e-01
5.3041466329893550e-01
5.2804523356943966e-01
5.2835154836973242e-01
5.2506700518937688e-01
5.2421838933008924e-01
5.2338641366804139e-01
5.2205199082180831e-01
5.2356552415840485e-01
5.2194138630642473e-01
5.2287377824233738e-01
5.2316588153041332e-01
5.2585198325903948e-01
5.2700622861799840e-01
5.2895936640965147e-01
5.3017877311076900e-01
5.2889789518808727e-01
5.2977696881333647e-01
5.2653284295290637e-01
5.2668776087323643e-01
5.2883528466544893e-01
5.2953145746871466e-01
5.3037942794496273e-01
5.3043285723869937e-01
5.2973729428459881e-01
5.2880013931503456e-01
5.3012461518456178e-01
5.3196791093961671e-01
5.3302141761246669e-01
5.3076901926580644e-01
5.2777301284772449e-01
5.2498159067369465e-01
5.2609030689396452e-01
5.2408772670592807e-01
5.2477815673638506e-01
5.2597096264096699e-01
5.2633774424166813e-01
5.2319761783859209e-01
5.2009870797860225e-01
5.1885767664741589e-01
5.1735327764722294e-01
5.1827096894085789e-01
5.2042279479436693e-01
5.1843310201444837e-01
5.1742828557250198e-01
5.1841123332087891e-01
5.2067564035642699e-01
5.2156299225381486e-01
5.2038985850946018e-01
5.2267286206725738e-01
5.2073736302678775e-01
5.1863451770866897e-01
5.1861801458272028e-01
5.2055065711093573e-01
5.2155944499712470e-01
5.2392714013437691e-01
5.2204104444661503e-01
5.2137079262801000e-01
5.2255029737869318e-01
5.2468880172453114e-01
5.2492010582291559e-01
5.2627955187807041e-01
5.2877205039125663e-01
5.2714892829403248e-01
5.2959537059100836e-01
5.2983851566508344e-01
5.3231015292518802e-01
5.3221483348325427e-01
5.3245803193065377e-01
5.3494338872506131e-01
5.3661133023335328e-01
5.3835661899378051e-01
5.3882803282932523e-01
5.3965869443076619e-01
5.4242927133443619e-01
5.4484825021535266e-01
5.4375812808002699e-01
5.4581369001822133e-01
5.4623508995016412e-01
5.4693163229629116e-01
5.4831617612218042e-01
5.4978677767115647e-01
5.5136214310129483e-01
5.4992521576156339e-01
5.5041997346756111e-01
5.5015969702620582e-01
5.4819472347997933e-01
5.4976159545525216e-01
5.5171214566461602e-01
5.5369976554199252e-01
5.5451676082829437e-01
5.5392850670798310e-01
5.5445075422577339e-01
5.5488743863899492e-01
5.5559208256897974e-01
5.5570272247081220e-01
5.5366103697725011e-01
5.5399755712233578e-01
5.5133252531367483e-01
5.5234056648552243e-01
5.5234441948334378e-01
5.5406661048540273e-01
5.5405039345399199e-01
5.5184330348651045e-01
5.5169400403344826e-01
5.5165666782355005e-01
5.4911847717049012e-01
5.5072917226874407e-01
5.5001558603119949e-01
5.5066720813930992e-01
5.5031900017071433e-01
5.4831833289878695e-01
5.4776639568714935e-01
5.4632848342622475e-01
5.4574836107540159e-01
5.4309582368403153e-01
5.4417684216603424e-01
5.4449009296858275e-01
5.4607021831666747e-01
5.4642643795598700e-01
5.4606341177194584e-01
5.4586309693255886e-01
5.4838876613757392e-01
5.4598558043565049e-01
5.4367228622149455e-01
5.4433306581357221e-01
5.4476426131041322e-01
5.4323911842797878e-01
5.4170461215837262e-01
5.4230950792689081e-01
5.4443447097826847e-01
5.4559056950235818e-01
5.4531982153564607e-01
5.4492458155612788e-01
5.4665453818197263e-01
5.4890382157377593e-01
5.5112613090908558e-01
5.5308533134142313e-01
5.5436170622122738e-01
5.5341851369988426e-01
5.5351512759270349e-01
5.5199372359436416e-01
5.5179145235564886e-01
5.5398717067392445e-01
5.5372453320636505e-01
5.5557820754331355e-01
5.5784462602925100e-01
5.5615294772670676e-01
5.5584751821579759e-01
5.5716213179797924e-01
5.5840323657962776e-01
5.6033302170160770e-01
5.5902039348800703e-01
5.6022807558472887e-01
5.6243785329369400e-01
5.6149771984458330e-01
5.6091102879302446e-01
5.6111176020987108e-01
5.6128046108211171e-01
5.6178329365337398e-01
5.6015714186312338e-01
5.5994979456780469e-01
5.5916350858796682e-01
5.5982222584721841e-01
5.6176625494297450e-01
5.6024962921430355e-01
5.6067206712795503e-01
5.6235601580652428e-01
5.6035435517322962e-01
5.5964173469337686e-01
5.5808407525090131e-01
5.5870035388502126e-01
5.5905418507500493e-01
5.5981200746940218e-01
5.6018051151982207e-01
5.5795964630094108e-01
5.5815941498573884e-01
5.5837172362356091e-01
5.5704505556054029e-01
5.5465221219415850e-01
5.5381920570818999e-01
5.5139218043043281e-01
5.5332818774639281e-01
5.5372589304718545e-01
5.5492578505346291e-01
5.5667407140325142e-01
5.5863486563987708e-01
5.5699795083465076e-01
5.5666296125638381e-01
5.5651617812225285e-01
5.5781582956337072e-01
5.5837797628430219e-01
5.6046964310859060e-01
5.5876221643139423e-01
5.5770287861487922e-01
5.5939636212384902e-01
5.5868003831261637e-01
5.6044688142597010e-01
5.6150333095616667e-01
5.6129608762143868e-01
5.6015050934444999e-01
5.6212242146745661e-01
5.6028373688329258e-01
5.6187629190468236e-01
5.6234823527472488e-01
5.6325734818945261e-01
5.6510805336953573e-01
5.6356162683521593e-01
5.6246908057604528e-01
5.6085420534250119e-01
5.5940751344719242e-01
5.5989153151453308e-01
5.5832914488820273e-01
5.5654651036902913e-01
5.5522643354425960e-01
5.5716541931440544e-01
5.5488293942204514e-01
5.5327029330020450e-01
5.5147854806022267e-01
5.5122976965419690e-01
5.5182019720443498e-01
5.5360471374228637e-01
5.5173749914577985e-01
5.5217109469943026e-01
5.5017630274698492e-01
5.4962810359329284e-01
5.4953858547094292e-01
5.4918335013001829e-01
5.4819274179955546e-01
5.4698744405046629e-01
5.4874287794586429e-01
5.4896342375576768e-01
5.4752690054648756e-01
5.4540740299134460e-01
5.4504101462724952e-01
5.4635385503133338e-01
5.4739741377468487e-01
5.4669924101478817e-01
5.4880887723109928e-01
5.4671017335580663e-01
5.4674496253026550e-01
5.4537499977221970e-01
5.4601268054954488e-01
5.4681347476715325e-01
5.4599849626308228e-01
5.4761758990267240e-01
5.4818317764441293e-01
5.4742960058612600e-01
5.4542252307881800e-01
5.4650527906599722e-01
5.4774236387159803e-01
5.4852690845649343e-01
5.4923724888123204e-01
5.5089676979218338e-01
5.5002486434085740e-01
5.5103113922775049e-01
5.5009757181374774e-01
5.5134298239570123e-01
5.4994899918944185e-01
5.5026495788720375e-01
5.4830175624662969e-01
5.4654725794798786e-01
5.4503356502127442e-01
5.4389068495486537e-01
5.4229605130942471e-01
5.4261170315703977e-01
5.4069509971903573e-01
5.4227267239758814e-01
5.4408025929829340e-01
5.4216113276151567e-01
5.4387909619748898e-01
5.4368893058008982e-01
5.4261562255798634e-01
5.4291856013352424e-01
5.4148309329235089e-01
5.4177669275669527e-01
5.4162101224407921e-01
5.4286932393046572e-01
5.4457088495555861e-01
5.4461902356926817e-01
5.4489667659955765e-01
5.4577911339451957e-01
5.4458723335485271e-01
5.4355840763944774e-01
5.4404638045167286e-01
5.4414253249389366e-01
5.4210685022050098e-01
5.4381086020109626e-01
5.4312991862214621e-01
5.4187349075780067e-01
5.4190873803735440e-01
5.4145007405415646e-01
5.4061231050341640e-01
5.4128585834949328e-01
5.4181701203589039e-01
5.4153195088363160e-01
5.4054476691968512e-01
5.4130854406755047e-01
5.4058115478514790e-01
5.3938033928156937e-01
5.4036729775112413e-01
5.3934455772447099e-01
5.4002639430390020e-01
5.3804038369600782e-01
5.3936661807102149e-01
5.4071836690904551e-01
5.4106527614894140e-01
5.4030152430494394e-01
5.4091472397726659e-01
5.4096700381420748e-01
5.4229026672797442e-01
5.4124723726746460e-01
5.4023070624378566e-01
5.3849545824016887e-01
5.3850156202409938e-01
5.3998378562151950e-01
5.4036892831610883e-01
5.4043785558029533e-01
5.4164354030070783e-01
5.4338438400615985e-01
5.4425268671971661e-01
5.4358640017584825e-01
5.4298411487281040e-01
5.4115371512994970e-01
5.3925013466674276e-01
5.3727856736328805e-01
5.3718100137061586e-01
5.3633129256786849e-01
5.3708961223102181e-01
5.3827796360322111e-01
5.3825733467089287e-01
5.3808295121725369e-01
5.3641204185186941e-01
5.3517841650398079e-01
5.3507070120418376e-01
5.3664805954226791e-01
5.3485410045721105e-01
5.3322146209465726e-01
5.3220537233685006e-01
5.3297012359796692e-01
5.3335179037816427e-01
5.3176145249873819e-01
5.3347402726903947e-01
5.3482539664930828e-01
5.3351662996212479e-01
5.3338337073296005e-01
5.3431342363193646e-01
5.3531745075276116e-01
5.3341496695188595e-01
5.3366894782464425e-01
5.3451571060390290e-01
5.3538763238446696e-01
5.3692804291526730e-01
5.3537034543486473e-01
5.3640221174703839e-01
5.3802475650770087e-01
5.3649044831578629e-01
5.3560622367866928e-01
5.3459177716517348e-01
5.3570037263508430e-01
5.3415263485195463e-01
5.3502536458397121e-01
5.3415698875642537e-01
5.3290636594671736e-01
5.3448301036452250e-01
5.3540318624074323e-01
5.3387326115765954e-01
5.3560265073913726e-01
5.3682840604899595e-01
5.3620146685073378e-01
5.3686306699333608e-01
5.3665876841163695e-01
5.3637405562818075e-01
5.3689258406607399e-01
5.3620530565996749e-01
5.3652762784795838e-01
5.3513612340029926e-01
5.3357086156026279e-01
5.3308710924562286e-01
5.3173013367003275e-01
5.3227107895461789e-01
5.3083694869525622e-01
5.3217575902562864e-01
5.3243469178845471e-01
5.3135314703444669e-01
5.3192172266742521e-01
5.3198734954611282e-01
5.3127482628517564e-01
5.3282792609194229e-01
5.3375001563459712e-01
5.3235682796444317e-01
5.3066724236163720e-01
5.3068407643019588e-01
5.3028837561674491e-01
5.2922472718643354e-01
5.2902155371617343e-01
5.2777921264382410e-01
5.2706555744058348e-01
5.2679866583654189e-01
5.2501531991564887e-01
5.2551572596335683e-01
5.2416490136731075e-01
5.2400217466078336e-01
5.2250811092199523e-01
5.2346849054187505e-01
5.2444660126230125e-01
5.2506672280570521e-01
5.2647679624269605e-01
5.2773277199688939e-01
5.2616951537565659e-01
5.2455573717389847e-01
5.2462170822461862e-01
5.2346679803080509e-01
5.2493036428300188e-01
5.2354247958346101e-01
5.2312584681221508e-01
5.2343307845835851e-01
5.2388602090265257e-01
5.2455245601253198e-01
5.2466051575625727e-01
5.2430934599694068e-01
5.2539446478647833e-01
5.2563313179365778e-01
5.2705565750298777e-01
5.2606726485106370e-01
5.2703137011437851e-01
5.2656863687051758e-01
5.2613331609132352e-01
5.2472502660290121e-01
5.2575028629525578e-01
5.2533595524698840e-01
5.2615108086400464e-01
5.2760152670474880e-01
5.2875954407141279e-01
5.2985435785994550e-01
5.3054908108590293e-01
5.3097336013648733e-01
5.3099306899903143e-01
5.3138018119701935e-01
5.3135292485095464e-01
5.3158387600662704e-01
5.3212823868387771e-01
5.3050610433769496e-01
5.3133363563925906e-01
5.3163384415968218e-01
5.3038565667894400e-01
5.2915684150439457e-01
5.2810492729594050e-01
5.2900238911595621e-01
5.3012149873421077e-01
5.3087407376764717e-01
5.2978531048348199e-01
5.3030790601560918e-01
5.2965159162313324e-01
5.2830688798044934e-01
5.2956601496587752e-01
5.2821328684835167e-01
5.2811507484178066e-01
5.2732351461513594e-01
5.2630019378573867e-01
5.2556991735679270e-01
5.2606206171109648e-01
5.2750705163774059e-01
5.2656110823926128e-01
5.2655472978960727e-01
5.2744063720551471e-01
5.2884283298909962e-01
5.2763792904327445e-01
5.2693505346856029e-01
5.2710526830493221e-01
5.2754802893291763e-01
5.2873703157291607e-01
5.2783464822675685e-01
5.2837118845167486e-01
5.2876132593461778e-01
5.2981105796541539e-01
5.3079501852956334e-01
5.3164810806451168e-01
5.3008623928031773e-01
5.3034636344060970e-01
5.3069377744018609e-01
5.3151250479779744e-01
5.3236388621045549e-01
5.3163403009535215e-01
5.3023770616784649e-01
5.3142719000313510e-01
5.3034232834089789e-01
5.2927988727077813e-01
5.2879920100659739e-01
5.2858610464156919e-01
5.2816770948750713e-01
5.2860902901062645e-01
5.2730418647167154e-01
5.2671952138901501e-01
5.2786771654393094e-01
5.2818047718868655e-01
5.2689270395311227e-01
5.2783500473128553e-01
5.2859750126656491e-01
5.2824663426080465e-01
5.2779530764000948e-01
5.2743168376526162e-01
5.2668340609867259e-01
5.2696968364310370e-01
5.2558074956835776e-01
5.2681796373274614e-01
5.2657664232402823e-01
5.2774639983334692e-01
5.2826606749585336e-01
5.2811318231949189e-01
5.2799502283856736e-01
5.2731650377287631e-01
5.2642684746163526e-01
5.2560664638911136e-01
5.2581928301790326e-01
5.2517306006153786e-01
5.2398329520655962e-01
5.2473391301542338e-01
5.2464667967256984e-01
5.2457734213811913e-01
5.2359891243315726e-01
5.2468559875051124e-01
5.2352629815814899e-01
5.2286305215605766e-01
5.2186600405326800e-01
5.2031062622945279e-01
5.2152418352765018e-01
5.2085211240654528e-01
5.2177936466924868e-01
5.2221917305790211e-01
5.2277169055708750e-01
5.2175378210621803e-01
5.2033789907293782e-01
5.2172302780758784e-01
5.2254120463202602e-01
5.2133708626920372e-01
5.2241681995652911e-01
5.2150245771071047e-01
5.2298428880603520e-01
5.2307077252395184e-01
5.2355726461951491e-01
5.2342980966630759e-01
5.2440173809960233e-01
5.2556477510245114e-01
5.2617984884999269e-01
5.2586728308127828e-01
5.2491618720550726e-01
5.2591019874854283e-01
5.2484415589827305e-01
5.2534174900808628e-01
5.2478685242229217e-01
5.2430317079585820e-01
5.2437641006399682e-01
